蓝球

奇偶：  	14:16
大小：		12:18
质合：		10:20

质，大，奇

猜：11, 13	


单周同天正向预测：
13,15
反向预测：
3,13

本期预测：
3,11,13,15


红球：

双龙头：
5,6,7,8,9,16,17,18,19,24
8,9,10,11,12,13,19,29
9,14,17,22,23,24,25,26
1,8,11,12,13,14,15,33
5,17,24,29,30,31,32,33

1,5,6,7,8,9,10,11,12,13,14,15,16,17,18,19,22,23,24,25,26,29,30,31,32,33



单龙头：
7,11,12,13,14,20,24,31
6,7,8,9,18,24,29,30,31
5,7,8,9,10,13,14,15,16,19
15,19,23,27,28,29,30,33
1,7,8,9,20,23,30

1,5,6,7,8,9,10,11,12,13,14,15,16,18,19,20,23,24,27,28,29,30,31,33


双凤尾
1,15,16,17,18,23,24,25,26,32
2,8,9,10,11,12,29,30,31
2,5,8,23,24,25,26,31
9,15,19,20,21,22,23,24
4,5,6,7,8,12,15,28

1,2,4,5,6,7,8,9,10,11,12,15,16,17,18,19,20,21,22,23,24,25,26,28,29,30,31,32


单凤尾
18,19,20,21,22,23,24,29,30,31,32
14,15,16,17,20,21,22,23,27,33
4,10,17,18,19,20,25,26,27
15,21,22,23,24,25,27,28,29,30
1,2,3,4,10,23,24,25,28

1,2,3,4,10,14,15,16,17,18,19,20,21,22,23,24,25,26,27,28,29,30,31,32,33




1,      5,6,7,8,9,10,11,12,13,14,15,16,17,18,19,      22,23,24,25,26,      29,30,31,32,33
1,      5,6,7,8,9,10,11,12,13,14,15,16,   18,19,20,      23,24,      27,28,29,30,31,   33
1,2,  4,5,6,7,8,9,10,11,12,      15,16,17,18,19,20,21,22,23,24,25,26,   28,29,30,31,32
1,2,3,4,          10,         14,15,16,17,18,19,20,21,22,23,24,25,26,27,28,29,30,31,32,33



full   		1,10,15,16,18,19,23,24,29,30,31,
miss1  		5,6,7,8,9,11,12,14,17,20,22,25,26,28,32,33


预测：
小龙头，大凤尾


6码：  	03,14,18,25,27,33
10码： 	03,14,16,18,22,23,25,27,30,33
14码： 	03,04,09,14,16,18,20,21,22,23,25,27,30,33
18码：	03,04,09,13,14,15,16,18,19,20,21,22,23,25,27,29,30,33
22码：	03,04,07,09,10,13,14,15,16,18,19,20,21,22,23,24,25,27,29,30,31,33




