207068

blue

奇偶：  	14:16
大小：		12:18
质合：		11:19

质，大



单周同天正向预测：
7
反向预测：
11,12,15

历史同数下期出现概率统计
1,8,9,14

本期预测：
7,11,14


red

two heads
9,21,24,25,26,27,29,30,31
3,7,14,15,16,17,18,23
5,8,9,10,14,17,30
2,13,17,19,20,21,22,26
1,15,16,17,18,23,24,25,26,32

1,2,3,5,7,8,9,10,13,14,15,16,17,18,19,20,21,22,23,24,25,26,27,29,30,31,32


one head
1,2,3,4,5,10,18,29
12,16,20,21,22,25,31
4,7,8,9,10,15,19,25
10,11,12,20,24,27,28,29
8,13,16,23,27,31

1,2,3,4,5,7,8,9,10,11,12,13,15,16,18,19,20,21,22,23,24,25,27,28,29,31


two tails
8,11,12,13,18,28,33
3,4,5,11,15,26,33
2,6,13,18,23,28

2,3,4,5,6,8,11,12,13,15,18,23,26,28,33


one tail
2,5,9,15,23,24,25,26
10,11,12,20,24,27,28,29
5,8,15,24,27,31
3,6,7,8,9,10,21,22,23,24
9,10,11,12,13,14,15,16,17,24

2,3,5,6,7,8,9,10,11,12,13,14,15,16,17,20,21,22,23,24,25,26,27,28,29,31



1,2,3,  5,  7,8,9,10,      13,14,15,16,17,18,19,20,21,22,23,24,25,26,27,   29,30,31,32
1,2,3,4,5,  7,8,9,10,11,12,13,   15,16,   18,19,20,21,22,23,24,25,   27,28,29,   31
  2,3,4,5,6,  8,     11,12,13,   15,      18,            23,      26,   28,            33
  2,3,  5,6,7,8,9,10,11,12,13,14,15,16,17,      20,21,22,23,24,25,26,27,28,29,   31


full   		02,03,05,08,13,15,23
miss1  		07,09,10,11,12,16,18,20,21,22,24,25,26,27,28,29,31


预测：
big head, big tail


6码：   	10,17,19,24,26,33
10码：  	10,13,15,17,19,23,24,26,32,33
14码：		10,13,15,17,18,19,20,23,24,26,28,30,32,33
18码：		05,10,13,15,16,17,18,19,20,21,22,23,24,26,28,30,32,33
22码：		05,07,10,13,15,16,17,18,19,20,21,22,23,24,25,26,27,28,30,31,32,33


区间预测：
1. 	8-16   20-26  31-33
2.  8-12   14-16  23-25  27-29  31-33	

