207069

blue

奇偶：  	14:16
大小：		13:17
质合：		10:20



单周同天正向预测：
3,10,15
反向预测：
4,7,14

历史同数下期出现概率统计
5,2,4,12

本期预测：
4,5,13


red

two heads
1,2,3,4,5,11,18,22
5,8,19,25,28,29,30
7,12,17,26,29,30,31
6,12,13,14,15,16,17,20
1,2,3,18,27,30,31,32,33

1,2,3,4,5,6,7,8,11,12,13,14,15,16,17,18,19,20,22.25,26,27,28,29,30,31,32,33


one head
1,4,5,6,17,18,19,26
2,5,8,9,10,11,12,21
7,11,12,13,14,20,24,31
6,7,8,9,18,24,29,30,31
5,7,8,9,10,13,14,15,16,19

1,2,4,5,6,7,8,9,10,11,12,13,14,15,16,17,18,19,20,21,24,26,29,30,31


two tails
1,9,13,22,38,32
8,9,10,19,26,27,28,39,31
2,3,4,12,18,24,25,26
3,8,19,25,26,27,28,29
6,15,16,17,18,22,23,24,25,31

1,2,3,4,6,8,9,10,12,13,15,16,17,18,19,22,23,24,25,26,27,28,29,31,32


one tail
2,10,16,22,23,24,28
12,16,20,21,22,25,31
5,6,7,8,12,20,25,26,27,28
1,9,13,22,28,32
12,13,14,15,17,18,19,20,21,28

1,2,5,6,7,8,9,10,12,13,14,15,16,17,18,19,20,21,22,23,24,25,26,27,28,31,32


1,2,3,4,5,6,7,8,     11,12,13,14,15,16,17,18,19,20,   22,      25,26,27,28,29,30,31,32,33
1,2,  4,5,6,7,8,9,10,11,12,13,14,15,16,17,18,19,20,21,      24,   26,      29,30,31
1,2,3,4,  6,  8,9,10,   12,13,   15,16,17,18,19,      22,23,24,25,26,27,28,29,   31,32
1,2,    5,6,7,8,9,10,   12,13,14,15,16,17,18,19,20,21,22,23,24,25,26,27,28,      31,32


full   		1,2,6,8,12,13,15,16,17,18,19,26,31
miss1  		4,5,7,9,10,14,20,22,24,25,27,28,29,32


预测：
big head, big tail


6码：   	12,16,17,26,28,32
10码：  	12,13,15,16,17,22,26,28,29,32
14码：		12,13,14,15,16,17,19,22,26,27,28,29,30,32
18码：		10,12,13,14,15,16,17,18,19,22,25,26,27,28,29,30,31,32
22码：		10,12,13,14,15,16,17,18,19,20,21,22,23,24,25,26,27,28,29,30,31,32


区间预测：
1. 	7-10	12-16   25-28   30-33	
2.  10-13	16-19	26-28	30-33

