207066

blue

奇偶：  	15:15
大小：		13:17
质合：		12:18

质，大



单周同天正向预测：
1
反向预测：
8，15

历史同数下期出现概率统计
1，14，16

本期预测：
1，14


red

two heads
6,7,8,9,18,24,29,30,31
5,7,8,9,10,13,14,15,16,19
2,6,14,15,16,17,18,32
1,2,3,4,10,23,24,25,28
3,8,12,13,14,15,16,30

1,2,3,4,5,6,7,8,9,10,12,13,14,15,16,17,18,19,23,24,25,28,29,30,31,32


one head
2,5,8,10,11,12,21
7,11,12,13,14,20,24,31
6,7,8,9,18,24,29,30,31
5,7,8,9,10,13,14,15,16,19
15,19,23,27,28,29,30,33

2,5,6,7,8,9,10,11,12,13,14,15,16,18,19,20,21,23,24,27,28,29,30,31,33


two tails
none


one tail
6,11,16,20,21,22,33
3,14,15,16,17,18,25,33
15,16,17,18,19,23,28,32
8,16,22,23,24,27,28,29,30
1,5,6,7,8,16,17,18,19,23

1,3,5,6,7,8,11,14,15,16,17,18,19,20,21,22,23,24,25,27,28,29,30,32,33





1,2,3,4,5,6,7,8,9,10,   12,13,14,15,16,17,18,19,         23,24,25,      28,29,30,31,32
  2,    5,6,7,8,9,10,11,12,13,14,15,16,   18,19,20,21,   23,24,      27,28,29,30,31,   33

1,  3,  5,6,7,8,     11,      14,15,16,17,18,19,20,21,22,23,24,25,   27,28,29,30,   32,33



full   		5,6,7,8,14,15,16,18,19,23,24,28,29,30
miss1  		1,3,9,10,11,12,13,17,20,21,25,27,31,32,33


预测：
小龙头，大凤尾


6码：   01,09,14,15,20,30
10码：  01,08,09,13,14,15,19,20,30,33
14码：	01,08,09,11,12,13,14,15,19,20,23,30,32,33
18码：	01,08,09,10,11,12,13,14,15,19,20,23,24,28,29,30,32,33
22码：	01,03,05,06,07,08,09,10,11,12,13,14,15,19,20,23,24,28,29,30,32,33


区间预测：
1. 	1-4, 9-18,  25-32
2. 	1-4, 20-24, 28-32

