蓝球

奇偶：  16:14      偶
大小：	12:18	   大	
质合：	13:17      质

猜：11, 13


单周同天正向预测：
1, 2, 4, 6
反向预测：
1, 11, 13

本期预测：
11, 13



红球：

双龙头：
5, 6, 7, 15, 18, 26, 30
8, 9, 10, 17, 18, 19, 20, 27, 31
4, 7, 11, 12, 13, 23, 30
1, 8, 11, 15, 16, 17, 25
1, 13, 14, 15, 16, 17, 20, 30

1,4,5,6,7,8,9,10,11,12,13,14,15,16,17,18,19,20,23,25,26,27,30,31


单龙头：
1,8,13,14,15,16,20,29
4,12,13,14,15,23,26,32
4,6,7,8,9,19,31,32,33
5,6,7,15,20,23,30
3,6,7,8,9,10,21,22,23,24

1,3,4,5,6,7,8,9,10,12,13,14,15,16,19,20,21,22,23,24,26,29,30,31,32,33


双凤尾
5,14,20,26,30,33
2,8,9,10,18,19,20,27
1,3,4,5,6,11,28,29,30,31
4,8,11,14,15,16,20
1,2,3,8,26,29,30,31

1,2,3,4,5,6,8,9,10,11,14,15,16,18,19,20,26,27,28,29,30,31


单凤尾
1,9,13,22,28,32
12,13,14,15,17,18,19,20,21,22,28
1,2,3,4,9,23,28
4,9,10,11,15,29,30,31
8,16,19,20,21,30,31,32,33

1,2,3,4,8,9,10,11,12,13,14,15,16,17,18,19,20,21,22,23,28,29,30,31,32,33








1,    4,5,6,7,8,9,10,11,12,13,14,15,16,17,18,19,20,      23,   25,26,27,      30,31
1,  3,4,5,6,7,8,9,10,   12,13,14,15,16,      19,20,21,22,23,24,   26,      29,30,31,32,33
1,2,3,4,5,6,  8,9,10,11,      14,15,16,   18,19,20,               26,27,28,29,30,31
1,2,3,4,      8,9,10,11,12,13,14,15,16,17,18,19,20,21,22,23,            28,29,30,31,32,33


full   1,4,8,9,10,14,15,16,19,20,30,31
miss1  3,5,6,11,12,13,18,23,26,29

6, 15, 16, 21, 23, 32



