207071

blue

奇偶：  	14:16
大小：		11:19
质合：		11:19



单周同天正向预测：
12,15
反向预测：
11
历史同数下期出现概率统计
16,12,13

本期预测：
11,12,16


red

two heads
1,2,3,5,10,24,27
1,2,3,5,17,26,32
7,16,20,23,24,25,26,30
2,6,12,16,17,18,19,20
2,8,9,10,11,12,29,30,31

1,2,3,5,6,7,8,9,10,11,12,16,17,18,19,20,23,24,25,26,27,29,30,31,32


one head
2,6,10,22,29,30,31,32
1,2,3,4,5,10,18,29
12,16,20,21,22,25,31
4,7,8,9,10,15,19,25
10,11,12,20,24,27,28,29

1,2,3,4,5,6,7,8,9,10,11,12,15,16,18,19,20,21,22,24,25,27,28,29,30,31,32


two tails
15,19,22,23,24,25,26,32
4,5,6,7,8,20,21,22,30
1,20,21,22,23,24,25,26,27
8,9,10,11,16,18,19,20,21,26
3,7,17,22,31,32,33

1,3,4,5,6,7,8,9,10,11,15,16,17,18,19,20,21,22,23,24,25,26,27,29,30,31,32,33


one tail
1,2,3,4,5,10,18,29
15,19,22,23,24,25,26,32
5,16,20,21,22,27,28,29
9,10,11,14,15,16,17,27,33
4,8,14,21,22,23,24,28

1,2,3,4,5,8,9,10,11,14,15,16,17,18,19,20,21,22,23,24,25,26,27,28,29,32,33


1,2,3,  5,6,7,8,9,10,11,12,         16,17,18,19,20,      23,24,25,26,27,   29,30,31,32
1,2,3,4,5,6,7,8,9,10,11,12,      15,16,   18,19,20,21,22,   24,25,   27,28,29,30,31,32
1,  3,4,5,6,7,8,9,10,11,         15,16,17,18,19,20,21,22,23,24,25,26,27,   29,30,31,32,33
1,2,3,4,5,    8,9,10,11,      14,15,16,17,18,19,20,21,22,23,24,25,26,27,28,29,      32,33


full    01,03,05,08,09,10,11,16,18,19,20,24,25,27,29,32 		
miss1  	02,04,06,07,15,17,21,22,23,26,30,31,	


预测：
big head, big tail


6码：   	10,13,18,19,24,32
10码：  	10,13,17,18,19,23,24,29,31,32
14码：		10,11,13,17,18,19,20,21,23,24,29,30,31,32
18码：		10,11,13,14,16,17,18,19,20,21,23,24,27,29,30,31,32,33


