2017060

red
two heads
2,5,10,22,31,32,33
2,13,14,15,22,23,24,25,29
5,6,7,8,9,23,27,32
2,5,11,22,23,24,25,29
5,9,15,22,23,24,25,33

2,5,6,7,8,9,10,11,13,14,15,22,23,24,25,27,29,31,32,33


one head
1,2,3,4,9,23,28,33
2,5,8,9,10,31,32,33
1,2,3,4,7,10,23
1,6,14,24,28,32
2,5,10,22,31,32,33

1,2,3,4,5,6,7,8,9,10,14,22,23,24,28,32,33


one end
6,7,8,9,18,24,29,30,31
4,12,13,14,15,23,26,32
4,8,9,10,11,12,31,32,33
1,11,15,16,17,18,20,26
8,9,10,11,12,13,15,32

1,2,4,6,7,8,9,10,11,12,13,14,15,16,17,18,20,24,26,29,30,31,32,33


two ends

3,8,9,10,15,22,29
1,2,3,18,29,30,31,32
1,11,19,24,25,26,27,28
6,10,11,12,13,14,15,16,22
2,3,4,13,14,15,16,25,26,27

1,2,3,4,6,8,9,10,11,12,13,14,15,16,18,19,22,24,25,26,27,28,29,30,31,32




1,2,3,4,5,6,7,8,9,10,		  14,                  22,23,24,         28,         32,33
  2,    5,6,7,8,9,10,11,   13,14,15,               22,23,24,25,   27,   29,   31,32,33
1,2,  4,  6,7,8,9,10,11,12,13,14,15,16,17,18,   20,      24,   26,      29,30,31,32,33
1,2,3,4,  6,  8,9,10,11,12,13,14,15,16,   18,19,   22,   24,25,26,27,28,29,30,31,32


blue

3,10,14,16

full  	2,6,8,9,10,14,24,29,32
miss1 	1,4,7,11,13,15,22,29,31,33


1, 2, 14, 15, 29, 31

















