蓝球

奇偶：  	15:15	
大小：		17:13
质合：		12:18


猜：	2,3,5,7


单周同天正向预测：
1,2,4,14
反向预测：
5,8,9,13

本期预测：
2,5,8,14


红球：

双龙头：
6,10,16,25,26,27,28,29,30
4,5,6,15,23,26,27,28
8,18,19,20,27,28,29,30,31
10,11,12,13,14,17,23,27
9,20,23,24,25,26,27,32

4,5,6,8,9,10,11,12,13,14,15,16,17,18,19,20,23,24,25,26,27,28,29,30,31,32


单龙头：
4,7,8,9,10,15,19,25
10,11,12,20,24,27,28,29
8,13,16,23,27,31
2,3,4,12,13,14,17,24
11,15,20,21,22,25,30

2,3,4,5,7,8,9,10,11,12,13,14,15,16,17,19,20,21,22,23,24,25,27,28,29,30,31


双凤尾
5,6,7,8,12,20,25,26,27,28
5,14,20,26,30,33
2,8,9,10,18,19,20,27
1,3,4,5,6,11,28,29,30,31
4,8,11,14,15,16,20

1,2,3,4,5,6,7,8,9,10,11,12,14,15,16,18,19,20,25,26,27,28,29,30,31,33


单凤尾
5,6,7,8,12,20,25,26,27,28
1,9,13,22,28,32
12,13,14,15,17,18,19,20,21,28
1,2,3,4,9,23,28,33
4,9,10,11,15,29,30,31

1,2,3,4,5,6,7,8,9,10,11,12,13,14,15,17,18,19,20,21,22,23,25,26,27,28,29,30,31,32,33




      4,5,6,  8,9,10,11,12,13,14,15,16,17,18,19,20,      23,24,25,26,27,28,29,30,31,32
  2,3,4,5,  7,8,9,10,11,12,13,14,15,16,17,   19,20,21,22,23,24,25,   27,28,29,30,31
1,2,3,4,5,6,7,8,9,10,11,12,   14,15,16,   18,19,20,            25,26,27,28,29,30,31,   33
1,2,3,4,5,6,7,8,9,10,11,12,13,14,15,   17,18,19,20,21,22,23,   25,26,27,28,29,30,31,32,33



full   4,5,8,9,10,11,12,14,15,19,20,25,27,28,29,30,31   
miss1  2,3,6,7,13,16,17,18,26,


预测：
大龙头， 小凤尾

6码：  11,12,17,24,26,29
10码： 6,11,12,13,17,20,24,26,29,32
14码： 3,6,11,12,13,17,20,24,26,27,28,29,32,33 
18码： 1,3,4,6,11,12,13,17,20,21,24,26,27,28,29,31,32,33 