blue

b1		2,3,8
b2		9,11

2,3,8,11


red

two heads
1,11,14,18,25
11,15,16,17,18,20,21,22,23
17,18,19,20,30,33,34,35

1, 11,14,15,16,17,18,19,20,21,22,23,25,30,33,34,35


one head
1,11,14,18,25
2,7,8,9,10,11,28
14,22,30,31,32,33,34
8,20,25,30,31,32,33
10,21,22,23,24,30,31,32

1,2,7,8,9,10,11,14,18,20,21,22,23,24,25,28,30,31,32,33,34


two tails
4,7,11,14,21
1,2,3,4,9,20,21,22,23
7,11,12,13,21,33
2,26,29,30,31,32,33
9,13,19,29,34

1,2,3,4,7,9,11,12,13,14,19,20,21,22,23,26,29,30,31,32,33


one tail
3,19,24,28,33
2,3,4,5,6,25,31
14,17,22,30,33
15,21,22,23,24,25,34
20,21,22,23,24,29,34

2,3,4,5,6,14,15,17,19,20,21,22,23,24,25,28,29,30,31,33,34



1,					 11,      14,15,16,17,18,19,20,21,22,23,   25,           30,      33,34,35
1,2,        7,8,9,10,11,      14,         18,   20,21,22,23,24,25,     28,   30,31,32,33,34
1,2,3,4,    7,  9,   11,12,13,14,            19,20,21,22,23,      26,     29,30,31,32,33
  2,3,4,5,6,                  14,15,   17,   19,20,21,22,23,24,25,     28,29,30,31,   33,34



full    14,20,21,22,23,30,33
miss1   1,2,11,19,25,31,34


Ô¤²â£º
small head£¬ small tail

6Âë£º  7,18,19,22,25,32
10Âë£º 7,9,18,19,20,22,25,28,30,32
14Âë£º 7,9,11,17,18,19,20,21,22,25,27,28,30,32
18Âë£º 7,9,11,17,18,19,20,21,22,24,25,27,28,29,30,32,33,34





