D2017065

blue

b1   1,3,5
b2   9,11

blue
1,3,5,9,11


red

two heads
4,17,20,23,30
1,14,15,16,17,18,19
20,21,22,28,29,30,31,35
1,9,15,24,32
5,12,17,23,28

1,4,5,9,12,14,15,16,17,18,19,20,21,22,23,24,28,29,30,31,32,35


one head
18,20,21,22,23,24,29
12,16,19,22,23,24,25
4,17,20,23,30
13,14,15,16,17,32,33,34
20,21,22,23,24,29,34

4,12,13,14,15,16,17,18,19,20,21,22,23,24,25,29,30,32,33,34


two tails
7,8,9,19,23,32
3,17,22,26,27,28
3,14,20,26,32
5,6,7,29,32,35
1,2,3,4,20,25,34

1,2,3,4,5,6,7,8,9,14,17,19,20,22,23,25,26,27,28,29,32,34,35


one tail
1,4,5,6,7,8,28
15,19,31,32,33,34,35
13,18,25,29,35
5,13,14,15,16,23,24,25
4,17,18,19,20,22,35

1,4,5,6,7,8,13,14,15,16,17,18,19,20,22,23,24,25,28,29,31,32,33,34,35


1,    4,5,      9,      12,   14,15,16,17,18,19,20,21,22,23,24,         28,29,30,31,32,      35
      4,                12,13,14,15,16,17,18,19,20,21,22,23,24,25,         29,30,   32,33,34
1,2,3,4,5,6,7,8,9,            14,      17,   19,20,   22,23,   25,26,27,28,29,      32,   34,35
1,    4,5,6,7,8,           13,14,15,16,17,18,19,20,   22,23,24,25,      28,29,   31,32,33,34,35


full  		4,14,17,19,20,22,23,29,32  	
miss1   	1,5,15,16,18,24,25,28,34,35


Ô¤²â£º
big head£¬ small tail

5Âë£º 	12,18,21,24,29	 
9Âë£º 	01,11,12,18,21,24,27,29,32
13Âë£º  01,04,11,12,14,18,20,21,24,27,29,32,33
17Âë£º 	01,04,09,11,12,13,14,17,18,20,21,22,24,27,29,32,33
21Âë£º	01,04,05,09,10,11,12,13,14,17,18,20,21,22,24,26,27,29,32,33,35
25Âë£º	01,03,04,05,07,09,10,11,12,13,14,17,18,20,21,22,23,24,26,27,29,31,32,33,35



Çø¼äÔ¤²â£º
T1£º 	09-29
T2:		10-18£¬ 21-24£¬ 27-29



answer:
blue 		5,12
red 		5,11,12,19,28	