D2017060

blue
7,8,11,12


red
two heads
2,10,13,14,15,16,35
1,12,16,17,18,19,32
7,15,16,17,25,29,
1,2,3,8,15,23
2,15,22,33,34,35

1,2,3,7,8,10,12,13,14,15,16,17,18,19,22,23,25,29,32,33,34,35


one head
12,13,14,17,20,28
7,18,29,30,31,35
2,10,13,14,15,16,35
1,9,24,25,26,29
10,11,12,23,30,31,32

1,2,3,7,9,10,11,12,13,14,15,16,17,18,20,23,24,25,26,28,29,30,31,32,35


two ends
7,14,17,24,27
1,6,11,22,31
7,21,29,31,32,33,34
9,10,11,13,14,15,16,26
2,7,12,29,30,31

1,2,6,7,9,10,11,12,13,14,15,16,17,21,22,24,26,27,29,30,31,32,33,34


one end
12,13,14,17,20,28
2,17,31,32,33,34,35
5,9,20,26,35
1,9,10,11,17,28
3,4,5,6,13,22,31

1,2,3,4,5,6,9,10,11,12,13,14,17,20,22,26,28,31,32,33,34,35


analysis  head&end

1,2,3,      7,8,  10,   12,13,14,15,16,17,18,19,      22,23,   25,         29,      32,33,34,35
1,2,3,      7,  9,10,11,12,13,14,15,16,17,18,   20,      23,24,25,26,   28,29,30,31,32,      35
1,2,      6,7,  9,10,11,12,13,14,15,16,17,         21,22,   24,   26,27,   29,30,31,32,33,34
1,2,3,4,5,6,    9,10,11,12,13,14,      17,      20,   22,         26,   28,      31,32,33,34,35


full 
1,2,10,12,13,14,17,32

miss1
3,7,9,11,15,16,22,26,29,31,33,34,35


大龙头小凤尾
10, 14, 15, 22, 29


answer:
blue 		2,4
red 		10,19,23,25,30