D2017060

blue
2,3,5,9

red
two heads
2,3,4,5,9,25,32
3,21,30,33,34,35
4,5,6,10,11,12,28
11,12,13,20,28,35
14,15,16,17,19,25,32

2,3,4,5,6,9,10,11,12,13,14,15,16,17,19,20,21,25,28,30,32,33,34,35


one head
6,18,21,22,23,24,33
2,3,4,5,9,25,32
13,18,25,29,35
3,21,30,33,34,35
4,5,6,28,33,34,35

2,3,4,5,6,9,13,18,21,22,23,24,25,28,29,30,32,33,34,35


two ends
17,22,26,27,33


one end
8,15,28,31,32,33
17,22,25,26,27,28,33
2,13,19,23,32
6,22,29,33,34,35
1,14,19,24,31

1,2,6,8,13,14,15,17,19,22,23,24,25,26,27,28,29,31,32,33,34,35



analysis  head&end

  2,3,4,5,6,    9,10,11,12,13,14,15,16,17,   19,20,21,         25,      28,   30,   32,33,34,35
  2,3,4,5,6,    9,         13,            18,      21,22,23,24,25,      28,29,30,   32,33,34,35
									   17,            22,         26,27,               33
1,2,      6,  8,           13,14,15,   17,   19,      22,23,24,25,26,27,28,29,   31,32,33,34,35

full 
33

miss1
2,6,13,17,22,25,28,32,34,35


预计大龙头，大凤尾
13,17,22,25,28,32,34,35
+33  + 26


