D2017066

blue

b1   3,5
b2   10,12

blue
3,10  »òÕß  5,11


red

two heads
4,12,31,32,33,34,35
4,8,19,23,27
9,10,11,12,19,20,21,27
11,17,22,23,24,25,26
2,5,28,33,34,35

2,4,8,10,11,12,17,19,20,21,22,23,24,25,26,27,28,31,32,33,34,35


one head
4,5,6,10,23,29
21,22,23,29,32,35
4,8,15,23,24,25,26
3,4,5,6,24,25,26,35
4,10,13,18,35

3,4,5,6,8,10,13,15,18,21,22,23,24,25,26,29,32,35


two tails
1,6,17,23,26
1,14,21,29,33

1,6,14,17,21,23,26,29,33


one tail
18,20,21,22,23,24,29
8,11,12,13,14,15,16,17
14,16,17,18,19,22,29
1,15,16,17,20,26
20,21,22,23,25,29,34

1,8,14,15,16,17,18,19,20,21,22,23,24,25,26,29,34


  2,  4,      8,  10,11,12,            17,   19,20,21,22,23,24,25,26,27,28,      31,32,33,34,35
    3,4,5,6,  8,  10,      13,   15,      18,      21,22,23,24,25,26,      29,      32,      35
1,        6,                  14,      17,         21,   23,      26,      29,         33
1,            8,              14,15,16,17,18,19,20,21,22,23,24,25,26,      29,            34


full  			21,23,26
miss1   		8,17,22,24,25,29


Ô¤²â£º
big head, big tail

5Âë£º 	13,23,29,31,35
9Âë£º 	01,13,14,18,23,29,30,31,35
13Âë£º  01,09,13,14,18,22,23,26,29,30,31,33,35
17Âë£º 	01,02,08,09,11,13,14,18,22,23,25,26,29,30,31,33,35
21Âë£º	01,02,07,08,09,11,13,14,17,18,22,23,25,26,29,30,31,32,33,34,35
25Âë£º	01,02,03,05,07,08,09,11,13,14,16,17,18,22,23,25,26,28,29,30,31,32,33,34,35



Çø¼äÔ¤²â£º
T1£º 	01-02   08-15  21-26   28-35
T2:		01-02   08-10  15-18   22-25  31-35



answer:
blue 	2,11  	
red 	11,15,23,26,30	