D2017067

blue

b1  	2,4
b2   	11,12

blue	2,4,11



red

two heads
8,16,25,29,35
4,15,19,24,35

4,8,15,16,19,24,25,29,35


one head
1,8,11,21,35
6,13,25,28,29,30
1,5,15,24,25,26
5,10,13,27,33
3,8,14,18,27

1,3,5,6,8,10,11,13,14,15,18,21,24,25,26,27,28,29,30,33,35


two tails
4,5,6,28,33,34,35
9,20,31,32,33,34,35
4,9,13,14,15,32
5,14,23,27,30
12,13,14,15,21,30,33

4,5,6,9,12,13,14,15,21,23,27,28,30,31,32,33,34,35


one tail
5,10,11,12,13,19,28
1,4,5,6,7,8,28
15,19,31,32,33,34,35
13,18,25,29,35
5,13,14,15,16,23,24,25

1,4,5,6,7,8,10,11,12,13,14,15,16,18,19,23,24,25,28,29,31,32,33,34,35



      4,      8,                 15,16,      19,            24,25,         29,               35
1,  3,  5,6,  8,  10,11,   13,14,15,      18,      21,      24,25,26,27,28,29,30,      33,   35
      4,5,6,    9,      12,13,14,15,               21,   23,         27,28,   30,31,32,33,34,35
1,    4,5,6,7,8,  10,11,12,13,14,15,16,   18,19,         23,24,25,      28,29,   31,32,33,34,35


full  		15,35
miss1   	04,05,06,08,13,14,24,25,28,29,33		


Ô¤²â£º
small head,  big tail

5Âë£º 	02,10,15,33,35
9Âë£º 	02,04,08,10,15,29,31,33,35
13Âë£º  02,04,06,08,10,13,15,28,29,31,32,33,35
17Âë£º 	02,04,06,08,10,12,13,15,20,23,28,29,30,31,32,33,35
21Âë£º	02,04,05,06,08,10,11,12,13,15,20,21,23,25,28,29,30,31,32,33,35
25Âë£º	02,04,05,06,08,10,11,12,13,14,15,17,20,21,22,23,24,25,28,29,30,31,32,33,35



Çø¼äÔ¤²â£º
T1£º 	1-10	16-22	27-35
T2:		1-4		8-10	18-21	31-35	



answer:
blue 		
red 		